beta =

   -0.0002   -0.0001   -0.0001    0.0003    0.0002
    0.6875    0.6837    0.7006    0.6573    0.6949
    2.0550    2.3964    2.6891    3.1828    3.6006


T =

   1.0e-03 *

    0.4866    0.4173    0.3719    0.3142    0.2777


D =

   1.0e-11 *

    0.2946    0.3435    0.3855    0.4563    0.5162


eta =

    0.0014    0.0012    0.0011    0.0010    0.0009